Rendimientos
17
17
18
18
18
19
19
18
19
19
19
19
19
19
19
19
20
19
18
18
18
18
19
19
19
18
19
20
19
19
20
19
20
17
17
20
20
20
20
19
19
19
20
20
20
19
19
19
20
20
20
20
20
20
20
20
20
20
20
20
18
20
19
19
19
21
21
21
21
19
19
18
19
20
20
18
18
20
20
20
20
20
20
19
20
20
19
19
20
21
21
19
17
21
20
19
20
18
21
21
19
19
19
19
19
21
19
21
18
18
18
20
21
21
21
22
20
18
19
19
21
21
19
19
19
19
20
20
20
21
19
19
20
20
20
21
21
21
21
20
20
19
20
18
20
20
20
18
21
21
21
21
21
21
21
21
21
21
20
20
21
20
20
21
19
19
19
19
19
19
19
21
20
19
19
18
21
21
21
21
20
22
22
19
21
20
21
22
21
20
20
19
20
23
23
23
20
20
22
22
21
19
19
19
18
18
18
21
20
19
19
21
21
21
21
20
20
21
19
19
20
20
23
20
21
20
19
19
19
20
20
20
20
20
19
22
20
19
19
19
21
21
21
21
21
21
19
22
19
21
21
21
21
20
21
21
22
22
22
21
21
21
21
20
21
19
19
21
19
19
22
21
21
21
18
22
22
21
21
19
21
19
19
20
20
22
21
20
20
20
20
21
20
20
21
21
21
21
23
23
Covarianza
11
11
12
12
12
13
13
12
13
14
14
14
14
14
14
14
14
14
13
13
13
13
14
14
14
13
14
14
14
14
15
14
15
13
13
15
15
15
15
14
14
14
15
15
15
15
15
14
15
15
15
15
15
15
15
15
15
15
16
15
14
16
14
14
14
16
16
16
16
15
15
14
15
16
16
14
14
16
15
15
15
16
16
15
16
16
15
15
16
17
17
15
14
17
16
15
16
15
17
16
15
15
15
15
15
17
16
17
14
14
14
16
17
17
17
18
17
15
16
16
17
17
15
15
15
16
16
16
16
17
16
16
16
16
16
17
17
17
17
17
17
16
16
14
16
16
16
15
17
17
17
17
18
18
18
18
18
17
17
16
17
16
16
17
16
16
16
16
16
16
16
18
17
16
16
15
18
18
18
18
17
19
19
16
18
17
18
19
18
17
17
17
17
19
19
19
17
17
19
19
18
16
16
16
16
16
16
19
18
17
17
18
18
18
18
17
17
18
17
17
17
17
20
18
18
18
17
17
17
18
18
18
18
18
17
19
18
17
17
17
18
18
18
18
18
18
17
19
17
19
18
19
18
18
18
18
19
19
19
18
18
18
18
18
19
17
17
19
17
17
20
18
19
19
16
19
19
18
19
17
19
17
17
18
18
20
19
18
18
18
18
19
18
18
19
19
19
19
20
20
